.968 
.574 1.047
.524 .397 .940
.269 .360 .300 1.343
.417 .474 .263 .762 1.337
.358 .381 .274 .679 .824 1.183
.197 .266 .158 .407 .485 .442 .953
.279 .296 .122 .411 .475 .399 .559 1.064
.352 .411 .291 .380 .470 .422 .438 .510 1.106
.306 .352 .160 .275 .375 .354 .245 .306 .318 .876
.220 .240 .119 .232 .279 .256 .195 .283 .288 .610 .703
.213 .269 .118 .227 .340 .319 .335 .367 .356 .504 .491 .831
.329 .315 .348 .387 .519 .460 .340 .282 .387 .420 .347 .378 .945
.344 .441 .327 .386 .471 .426 .410 .372 .400 .392 .323 .408 .736 1.016
.237 .400 .246 .329 .425 .409 .340 .349 .379 .363 .308 .335 .623 .734 .954
.346 .256 .332 .163 .339 .236 .340 .403 .380 .272 .281 .320 .306 .369 .323 1.364
.463 .365 .290 .134 .252 .282 .268 .319 .469 .197 .189 .210 .240 .324 .272 .551 1.196 
.478 .381 .355 .216 .337 .279 .325 .291 .353 .169 .141 .191 .265 .320 .260 .473 .662 .885
4.415 4.307 4.073 4.016 4.252 4.240 4.374 4.339 4.310 4.834 4.949 4.834 4.633 4.735 4.700 4.230 4.626 4.492
.984 1.023 .970 1.159 1.156 1.088 .976 1.032 1.051 .936 .838 .912 .972 1.008 .977 1.168 1.094 .941
